0,1
0,
0,2
0," ""major"""
0,
0,62
239,62
480,65
719,65
960,67
1199,67
1440,70
1679,70
1920,70
2639,70
2640,67
2879,67
2880,65
3359,65
3360,62
3599,62
3840,65
4079,65
4080,67
4319,67
4320,65
4559,65
4560,63
4799,63
4800,62
5039,62
5040,60
5279,60
5280,62
5519,62
5520,63
5759,63
5760,65
6239,65
6240,67
6479,67
6600,63
6719,63
6720,62
7199,62
7200,60
7439,60
7439,
0,
,
,
0,1
0,
0,2
0," ""major"""
0,
0,65
239,65
240,62
479,62
480,65
719,65
720,70
1439,70
1440,69
1679,69
1680,70
1919,70
1920,72
2159,72
2160,74
2879,74
2880,72
3119,72
3120,74
3359,74
3360,77
3599,77
3600,75
3839,75
3840,74
4079,74
4080,72
4319,72
4560,72
4799,72
5040,72
5759,72
5759,
0,
,
,
0,1
0,
0,2
0," ""major"""
0,
0,82
239,82
480,82
719,82
960,82
1199,82
1200,79
1439,79
1440,91
1679,91
1680,87
1919,87
1920,82
2159,82
2160,79
2399,79
2400,82
2639,82
2640,79
2879,79
2880,82
3839,82
3840,80
4079,80
4080,77
4319,77
4320,89
4559,89
4560,86
4799,86
4800,80
5039,80
5040,77
5279,77
5280,80
5519,80
5520,77
5759,77
5760,80
6239,80
6239,
0,
,
,
0,1
0,
0,2
0," ""major"""
0,
0,67
479,67
480,75
639,75
640,74
799,74
800,72
959,72
960,72
1199,72
1440,72
1679,72
1920,72
2639,72
2880,79
3119,79
3360,80
3389,80
3390,79
3479,79
3480,78
3599,78
3600,79
3719,79
3720,83
3839,83
3840,86
4079,86
4320,86
4559,86
4800,86
5279,86
5280,91
5519,91
5519,
0,
,
,
0,1
0,
0,2
0," ""major"""
0,
0,75
119,75
240,77
359,77
480,79
599,79
720,82
839,82
960,80
1079,80
1140,82
1199,82
1200,79
1319,79
1380,80
1439,80
1440,77
1679,77
1860,80
1919,80
1920,86
2039,86
2160,84
2279,84
2400,82
2519,82
2640,77
2759,77
2880,79
2999,79
3060,80
3119,80
3120,77
3239,77
3300,79
3359,79
3360,75
3599,75
3600,70
3719,70
3719,
0,
,
,
0,1
0,
0,2
0," ""major"""
0,
0,84
599,84
600,79
719,79
720,80
839,80
840,79
959,79
960,87
1559,87
1560,84
1679,84
1680,86
1799,86
1800,84
1919,84
1920,91
2519,91
2520,89
2639,89
2640,87
2759,87
2760,86
2879,86
2880,84
2999,84
3000,82
3119,82
3120,80
3239,80
3240,79
3359,79
3360,80
3479,80
3480,79
3599,79
3600,80
3719,80
3720,79
3839,79
3839,
0,
,
,
0,1
0,
0,2
0," ""major"""
0,
0,72
119,72
240,67
359,67
480,72
959,72
960,71
1079,71
1200,67
1319,67
1440,71
1919,71
1920,69
2039,69
2160,67
2279,67
2400,69
2519,69
2640,67
2759,67
2760,69
2879,69
2880,71
2999,71
3120,72
3239,72
3360,69
3839,69
3839,
0,
,
,
0,1
0,
0,2
0," ""major"""
0,
0,67
119,67
120,72
239,72
240,74
359,74
360,76
479,76
480,74
509,74
510,76
539,76
540,74
719,74
720,72
839,72
960,67
1079,67
1080,72
1199,72
1200,76
1319,76
1320,77
1439,77
1440,76
1679,76
1680,74
1799,74
1920,74
2039,74
2040,79
2159,79
2160,74
2279,74
2280,76
2399,76
2400,74
2519,74
2520,67
2639,67
2640,74
2759,74
2760,76
2879,76
2880,74
2999,74
3000,79
3119,79
3120,74
3239,74
3240,77
3359,77
3360,76
3599,76
3600,72
3719,72
3719,
0,
,
,
0,1
0,
0,2
0," ""major"""
0,
0,77
479,77
480,77
1199,77
1200,77
1439,77
1440,77
1799,77
1800,80
1919,80
1920,80
2879,80
3120,78
3359,78
3360,80
3599,80
3600,82
3839,82
3840,85
4079,85
4080,84
4319,84
4320,87
4559,87
4560,85
4799,85
4800,80
5759,80
5759,
0,
,
,
0,1
0,
0,2
0," ""major"""
0,
0,61
239,61
240,59
319,59
320,61
399,61
400,59
479,59
480,57
719,57
720,59
959,59
960,61
1199,61
1200,63
1439,63
1440,61
1919,61
1920,60
1999,60
2000,61
2079,61
2080,60
2159,60
2160,56
3119,56
3119,
0,
,
,
0,1
0,
0,3
0," ""major"""
0,
0,75
239,75
240,77
479,77
480,79
719,79
720,82
1079,82
1080,82
1439,82
1680,82
1919,82
1920,84
2159,84
2160,86
2399,86
2400,89
2639,89
2640,86
2879,86
2880,84
3119,84
3120,86
3359,86
3360,84
3599,84
3600,79
3959,79
3960,79
4319,79
4319,
0,
,
,
0,1
0,
0,2
0," ""major"""
0,
0,54
239,54
240,63
359,63
360,61
479,61
480,61
719,61
720,61
959,61
960,49
1199,49
1200,61
1439,61
1440,54
1679,54
1680,63
1799,63
1800,61
1919,61
1920,61
2159,61
2160,61
2399,61
2400,49
2639,49
2640,61
2879,61
2879,
0,
,
,
0,1
0,
0,2
0," ""major"""
0,
0,56
239,56
240,63
359,63
360,61
479,61
480,61
719,61
960,63
1199,63
1440,65
1679,65
1920,68
2159,68
2400,61
2639,61
2639,
0,
,
,
0,1
0,
0,2
0," ""major"""
0,
0,78
239,78
240,80
479,80
480,82
959,82
960,80
1199,80
1200,78
1439,78
1440,80
1499,80
1500,78
1559,78
1560,80
1619,80
1620,82
1679,82
1680,80
1919,80
1920,78
2159,78
2160,75
2399,75
2400,73
2879,73
2880,68
3119,68
3120,70
3359,70
3360,71
3839,71
3840,68
4079,68
4080,70
4319,70
4320,66
4559,66
4559,
0,
,
,
0,1
0,
0,2
0," ""major"""
0,
0,79
959,79
960,78
1319,78
1320,74
1439,74
1440,76
1679,76
1680,76
1759,76
1760,78
1839,78
1840,76
1919,76
1920,74
2399,74
2400,72
2759,72
2760,69
2879,69
2880,71
2999,71
3000,72
3119,72
3120,74
3839,74
3839,
0,
,
,
0,1
0,
0,2
0," ""major"""
0,
0,63
479,63
480,59
1199,59
1200,61
1439,61
1440,63
1919,63
1920,64
2639,64
2640,63
2879,63
2880,61
2909,61
2910,63
2939,63
2940,61
3119,61
3120,59
3359,59
3360,61
4799,61
4799,
0,
,
,
0,1
0,
0,2
0," ""major"""
0,
0,73
239,73
240,73
479,73
480,73
719,73
720,71
959,71
960,74
1199,74
1200,73
1439,73
1440,71
1679,71
1680,69
1919,69
1920,71
2159,71
2640,69
2879,69
2880,73
3119,73
3120,71
3359,71
3360,69
3599,69
3600,68
3839,68
3840,69
4079,69
4560,68
4799,68
4800,71
5039,71
5040,69
5279,69
5280,68
5519,68
5520,66
5759,66
5760,68
5999,68
5999,
0,
,
,
0,1
0,
0,2
0," ""major"""
0,
0,73
959,73
960,71
1599,71
1600,68
1759,68
1760,69
1919,69
1920,71
3839,71
3840,71
4799,71
4800,69
5439,69
5440,66
5599,66
5600,67
5759,67
5760,69
7679,69
7679,
0,
,
,
0,1
0,
0,2
0," ""major"""
0,
0,78
119,78
360,78
479,78
480,80
599,80
600,76
719,76
840,76
1199,76
1320,76
1439,76
1440,78
1559,78
1560,74
1679,74
1800,74
1919,74
1920,76
2039,76
2040,73
2159,73
2280,73
2639,73
2760,74
2879,74
2880,76
2999,76
3000,78
3119,78
3119,
0,
,
,
0,1
0,
0,2
0," ""major"""
0,
0,76
959,76
960,76
1439,76
1440,76
1469,76
1470,78
1499,78
1500,76
1799,76
1800,74
1919,74
1920,76
2039,76
2160,76
2639,76
2640,74
2759,74
2760,76
2879,76
2880,78
3839,78
3840,80
4319,80
4320,81
4349,81
4350,83
4379,83
4380,81
4679,81
4680,80
4799,80
4800,80
4919,80
5040,78
5519,78
5520,76
5639,76
5640,78
5759,78
5760,80
5879,80
5879,
0,
,
,
0,1
0,
0,3
0," ""major"""
0,
0,77
239,77
240,77
479,77
480,77
599,77
720,70
839,70
960,75
1319,75
1440,77
1469,77
1470,79
1499,79
1500,77
1679,77
1680,75
1919,75
1920,77
2039,77
2160,70
2279,70
2400,73
2639,73
2640,75
2879,75
2880,77
2999,77
3120,77
3359,77
3360,77
3479,77
3600,71
3719,71
3719,
0,
,
,
0,1
0,
0,2
0," ""major"""
0,
0,69
119,69
120,71
239,71
240,67
359,67
360,64
479,64
480,65
599,65
600,62
719,62
720,64
959,64
960,65
989,65
990,64
1079,64
1080,62
1199,62
1200,64
1319,64
1440,60
1559,60
1560,62
1679,62
1680,64
1799,64
1800,67
1919,67
1920,65
2039,65
2040,69
2159,69
2160,64
2399,64
2400,65
2429,65
2430,64
2519,64
2520,62
2639,62
2640,64
2759,64
2759,
0,
,
,
0,1
0,
0,2
0," ""major"""
0,
0,70
239,70
240,70
479,70
480,75
959,75
960,73
1199,73
1200,72
1439,72
1440,70
2159,70
2160,68
2399,68
2400,70
3119,70
3120,72
3359,72
3360,73
4079,73
4080,72
4319,72
4320,70
4799,70
4800,68
5039,68
5040,66
5279,66
5280,65
5639,65
5639,
0,
,
,
0,1
0,
0,2
0," ""major"""
0,
0,77
959,77
960,76
1439,76
1440,77
1919,77
1920,76
2399,76
2400,74
2879,74
2880,72
3839,72
3840,74
4319,74
4320,72
4799,72
4800,70
5279,70
5280,69
5759,69
5760,67
6719,67
6720,65
7199,65
7200,67
7679,67
7680,65
8159,65
8160,64
8639,64
8640,64
9599,64
9599,
0,
,
,
0,1
0,
0,2
0," ""major"""
0,
0,65
479,65
480,67
959,67
960,69
1439,69
1440,76
2879,76
2880,74
2939,74
2940,72
2999,72
3000,74
3059,74
3060,76
3119,76
3120,74
3359,74
3360,72
3839,72
3840,74
4319,74
4320,69
5759,69
5759,
0,
,
,
0,1
0,
0,2
0," ""major"""
0,
0,53
479,53
480,52
959,52
960,50
1439,50
1440,49
2159,49
2160,47
2399,47
2400,49
2879,49
2880,50
3359,50
3359,
0,
,
,
0,1
0,
0,2
0," ""major"""
0,
0,71
119,71
120,76
239,76
240,79
359,79
360,83
479,83
480,88
719,88
720,83
959,83
960,84
1039,84
1040,86
1119,86
1120,84
1199,84
1200,81
1319,81
1320,84
1439,84
1440,83
1919,83
1920,71
2039,71
2040,76
2159,76
2160,79
2279,79
2280,83
2399,83
2400,88
2639,88
2640,83
2879,83
2880,84
2959,84
2960,86
3039,86
3040,84
3119,84
3120,81
3239,81
3240,84
3359,84
3360,83
3839,83
3839,
0,
,
,
0,1
0,
0,2
0," ""major"""
0,
0,68
119,68
120,71
239,71
240,75
359,75
360,73
479,73
480,73
509,73
510,75
539,75
540,73
599,73
600,71
719,71
720,76
839,76
840,75
959,75
960,68
1199,68
1200,71
1439,71
1440,75
1919,75
1920,69
2039,69
2040,75
2159,75
2160,81
2279,81
2280,80
2399,80
2400,80
2429,80
2430,81
2459,81
2460,80
2519,80
2520,78
2639,78
2640,75
2759,75
2760,78
2879,78
2880,73
3119,73
3120,75
3359,75
3360,73
3389,73
3390,75
3419,75
3420,73
3599,73
3600,71
3839,71
3839,
0,
,
,
0,1
0,
0,2
0," ""major"""
0,
0,70
959,70
960,70
1919,70
1920,70
2879,70
3120,75
3359,75
3360,74
3599,74
3600,75
3839,75
3840,72
4079,72
4080,74
4319,74
4320,70
4799,70
5040,67
5279,67
5280,68
5519,68
5520,70
5759,70
5760,68
5999,68
6000,70
6239,70
6240,72
6479,72
6480,75
6719,75
6720,74
6879,74
6880,70
7039,70
7040,74
7199,74
7200,72
7439,72
7440,68
7679,68
7679,
0,
,
,
0,1
0,
0,2
0," ""major"""
0,
0,63
159,63
160,65
319,65
320,67
479,67
480,69
719,69
720,74
959,74
960,72
1119,72
1120,70
1279,70
1280,67
1439,67
1440,65
1919,65
2080,63
2239,63
2240,65
2399,65
2400,67
2559,67
2560,69
2719,69
2720,70
2879,70
2880,69
3039,69
3040,67
3199,67
3200,62
3359,62
3360,65
3839,65
3839,
0,
,
,
0,1
0,
0,2
0," ""major"""
0,
0,66
159,66
160,66
319,66
320,66
479,66
480,66
509,66
510,69
539,69
540,67
719,67
720,66
959,66
960,69
1679,69
1680,74
1799,74
1800,76
1919,76
1920,78
2279,78
2280,73
2399,73
2400,76
2429,76
2430,74
2639,74
2640,71
2879,71
2880,67
3599,67
3599,
0,
,
,
0,1
0,
0,2
0," ""major"""
0,
0,62
239,62
240,66
359,66
360,69
479,69
480,74
599,74
600,78
719,78
720,76
839,76
840,73
959,73
960,74
1199,74
1200,73
1439,73
1440,67
1919,67
1920,71
2159,71
2160,69
2399,69
2400,61
2879,61
2880,71
3119,71
3120,69
3359,69
3360,62
3839,62
3840,62
4079,62
4080,66
4199,66
4200,69
4319,69
4320,74
4439,74
4440,78
4559,78
4560,76
4679,76
4680,73
4799,73
4800,74
5039,74
5040,73
5279,73
5280,67
5759,67
5759,
0,
,
,
0,1
0,
0,2
0," ""major"""
0,
0,69
239,69
240,71
479,71
480,73
719,73
720,74
959,74
960,76
1199,76
1200,76
1439,76
1440,76
1559,76
1560,74
1679,74
1680,73
1919,73
1920,74
2159,74
2160,74
2399,74
2400,74
2519,74
2520,73
2639,73
2640,71
2879,71
2880,73
3119,73
3120,73
3359,73
3360,73
3479,73
3480,71
3599,71
3600,69
3839,69
3839,
0,
,
,
0,1
0,
0,2
0," ""major"""
0,
0,66
479,66
480,66
959,66
960,62
1439,62
1440,62
1919,62
1920,64
2239,64
2240,62
2399,62
2400,64
2639,64
2640,66
2879,66
2880,64
3039,64
3040,61
3199,61
3200,58
3599,58
3599,
0,
,
,
0,1
0,
0,2
0," ""major"""
0,
0,86
239,86
240,86
479,86
480,86
719,86
720,86
959,86
960,86
1079,86
1080,88
1199,88
1200,86
1319,86
1320,83
1439,83
1440,79
1679,79
1680,79
1919,79
1920,79
2039,79
2040,81
2159,81
2160,83
2399,83
2400,79
2519,79
2520,81
2639,81
2640,83
2879,83
2880,83
3119,83
3120,81
3149,81
3150,83
3179,83
3180,81
3239,81
3240,80
3359,80
3360,81
3839,81
3839,
0,
,
,
0,1
0,
0,2
0," ""major"""
0,
0,74
239,74
240,75
479,75
480,74
719,74
720,75
959,75
960,72
1199,72
1200,74
1439,74
1440,75
1679,75
1680,79
1919,79
1920,72
2159,72
2160,74
2399,74
2400,72
2639,72
2640,74
2879,74
2880,70
3119,70
3120,72
3359,72
3360,74
3599,74
3600,77
3839,77
3840,70
4079,70
4080,72
4319,72
4320,70
4559,70
4560,72
4799,72
4800,69
5039,69
5040,70
5279,70
5280,72
5519,72
5520,75
5759,75
5760,69
5999,69
6000,70
6239,70
6240,69
6479,69
6480,70
6719,70
6720,67
6959,67
6960,69
7199,69
7200,70
7439,70
7440,72
7679,72
7679,
0,
,
,
0,1
0,
0,2
0," ""major"""
0,
240,62
479,62
480,64
719,64
720,65
959,65
960,66
1199,66
1200,67
1439,67
1440,69
1679,69
1680,74
1919,74
1920,70
2639,70
2640,69
2879,69
2880,62
3599,62
4080,62
4319,62
4320,64
4559,64
4560,65
4799,65
4800,66
5039,66
5040,67
5279,67
5280,69
5439,69
5440,75
5599,75
5600,74
5759,74
5760,70
6479,70
6480,69
6719,69
6720,62
7439,62
7439,
0,
,
,
0,1
0,
0,2
0," ""major"""
0,
0,76
1439,76
1440,79
2399,79
2400,72
2879,72
2880,76
4319,76
4320,75
5759,75
6240,76
6959,76
6960,79
7199,79
7200,81
8159,81
8160,76
8639,76
8640,76
10079,76
10080,75
11519,75
11519,
0,
,
,
0,1
0,
0,2
0," ""major"""
0,
0,62
479,62
480,64
959,64
960,57
3839,57
4320,81
5039,81
5040,82
5279,82
5280,77
6239,77
6240,76
6719,76
7200,81
7919,81
7920,82
8159,82
8160,77
9119,77
9120,76
9599,76
9599,
0,
,
,
0,1
0,
0,2
0," ""major"""
0,
0,57
239,57
240,57
959,57
960,62
1199,62
1200,65
1439,65
1440,69
1679,69
1680,72
2039,72
2040,74
2159,74
2160,69
3359,69
3360,69
3599,69
3600,72
3839,72
3840,70
4079,70
4080,69
4319,69
4320,65
4559,65
4560,64
4799,64
4800,62
5039,62
5040,60
5279,60
5280,65
5519,65
5520,69
5879,69
5880,74
5999,74
6000,67
7199,67
7199,
0,
,
,
0,1
0,
0,2
0," ""major"""
0,
0,59
479,59
480,67
1439,67
1440,58
2879,58
2880,57
3359,57
3360,62
3839,62
3840,60
4319,60
4320,58
4799,58
4800,62
5279,62
5280,64
5759,64
5760,62
6239,62
6240,60
6719,60
6720,57
7199,57
7200,65
8159,65
8159,
0,
,
,
0,1
0,
0,2
0," ""major"""
0,
0,86
479,86
840,62
899,62
900,62
959,62
960,62
1199,62
1440,66
1919,66
1920,67
2399,67
2400,69
2879,69
2880,71
3359,71
3360,72
3839,72
3840,74
4319,74
4320,76
4479,76
4480,78
4639,78
4640,76
4799,76
4800,74
5279,74
5280,72
5759,72
5760,71
6239,71
7200,74
7679,74
8640,73
9599,73
9600,78
10079,78
10079,
0,
,
,
0,1
0,
0,2
0," ""major"""
0,
0,62
479,62
480,63
2879,63
2880,62
3359,62
3360,60
3839,60
3840,57
4319,57
4320,58
4799,58
4800,60
5279,60
5280,62
5759,62
5760,63
6239,63
6240,65
7679,65
7680,69
9119,69
9120,67
10559,67
10560,62
11999,62
11999,
0,
,
,
0,1
0,
0,2
0," ""major"""
0,
0,58
1119,58
1120,55
1279,55
1280,57
1439,57
1440,58
1599,58
1600,62
1839,62
1840,60
1919,60
1920,58
3039,58
3040,55
3199,55
3200,57
3359,57
3360,58
3599,58
3600,62
3959,62
3960,60
4079,60
4080,62
5199,62
5200,58
5359,58
5360,60
5519,60
5520,62
5759,62
5760,65
6119,65
6120,63
6239,63
6240,62
7199,62
7199,
0,
,
,
0,1
0,
0,2
0," ""major"""
0,
0,86
719,86
720,74
959,74
960,76
1119,76
1120,79
1279,79
1280,83
1439,83
1440,86
1799,86
1800,86
1919,86
1920,86
2639,86
2640,74
2879,74
2880,76
3039,76
3040,79
3199,79
3200,83
3359,83
3360,86
3719,86
3720,86
3839,86
3840,79
4479,79
4480,81
4799,81
4800,83
5439,83
5440,84
5599,84
5600,81
5759,81
5760,86
6719,86
6719,
0,
,
,
0,1
0,
0,2
0," ""major"""
0,
0,69
419,69
420,70
479,70
480,69
1439,69
1440,69
1859,69
1860,72
1919,72
1920,69
2879,69
2880,72
3299,72
3300,74
3359,74
3360,72
4319,72
4320,72
4739,72
4740,76
4799,76
4800,72
5759,72
5760,64
6119,64
6120,65
6239,65
6240,67
6599,67
6600,69
6719,69
6720,70
7079,70
7080,69
7199,69
7200,69
7559,69
7559,
0,
,
,
0,1
0,
0,2
0," ""major"""
0,
0,69
359,69
360,69
479,69
480,69
839,69
840,67
959,67
960,65
1119,65
1120,62
1279,62
1280,65
1439,65
1440,69
1799,69
1800,69
1919,69
1920,69
2279,69
2280,67
2399,67
2400,65
2559,65
2560,62
2719,62
2720,65
2879,65
2880,72
3119,72
3120,70
3359,70
3360,69
3599,69
3600,65
3839,65
3840,62
3999,62
4000,64
4159,64
4160,65
4319,65
4320,69
4559,69
4560,67
4799,67
4800,65
5039,65
5040,62
5279,62
5280,60
5759,60
5759,
0,
,
,
0,1
0,
0,2
0," ""major"""
0,
0,65
1439,65
1440,60
1919,60
1920,63
3839,63
4080,65
4319,65
4320,65
5039,65
5040,60
5279,60
5280,60
5519,60
5520,62
5759,62
5760,63
7679,63
8160,67
9119,67
9120,67
9599,67
9600,70
10319,70
10320,68
10559,68
10560,63
11039,63
11040,65
11519,65
11520,62
12959,62
12959,
0,
,
,
0,1
0,
0,2
0," ""major"""
0,
0,80
119,80
120,75
719,75
720,75
839,75
840,73
959,73
960,71
1079,71
1080,71
1679,71
1680,71
1799,71
1800,70
1919,70
1920,68
2039,68
2040,68
2279,68
2280,67
2399,67
2400,63
2519,63
2520,63
3479,63
3479,
0,
,
,
0,1
0,
0,2
0," ""major"""
0,
0,56
479,56
480,54
719,54
720,56
959,56
960,49
1439,49
1440,52
1679,52
1680,54
1919,54
1920,56
2159,56
2160,58
2279,58
2280,59
2399,59
2400,58
2639,58
2640,54
2879,54
2880,56
3359,56
3360,56
3599,56
3600,59
3839,59
3840,61
4319,61
4320,63
4559,63
4560,61
4799,61
4800,56
5279,56
5279,
0,
,
,
0,1
0,
0,2
0," ""major"""
0,
0,71
239,71
240,71
599,71
600,72
719,72
720,71
1439,71
1440,69
1679,69
1680,67
2039,67
2040,66
2159,66
2160,67
2879,67
2880,64
3119,64
3120,66
3479,66
3480,67
3599,67
3600,69
3959,69
3960,66
4079,66
4080,63
4439,63
4440,59
4559,59
4560,64
4919,64
4920,67
5039,67
5040,71
5759,71
5759,
0,
,
,
0,1
0,
0,2
0," ""major"""
0,
0,68
239,68
240,69
479,69
480,71
719,71
720,73
1199,73
1200,73
1679,73
1680,73
1919,73
1920,69
2159,69
2160,76
2879,76
2880,75
3119,75
3120,73
3359,73
3360,68
3599,68
3600,71
4079,71
4080,71
4559,71
4560,69
4799,69
4800,71
5039,71
5040,68
6479,68
6479,
0,
,
,
0,1
0,
0,1
0," ""major"""
0,
0,79
479,79
480,88
1799,88
1800,89
1919,89
1920,88
2279,88
2280,87
2399,87
2400,88
3719,88
3720,89
3839,89
3840,88
4199,88
4200,87
4319,87
4320,88
4679,88
4680,89
4799,89
4800,88
5159,88
5160,87
5279,87
5280,89
5759,89
5760,91
6239,91
6240,93
6719,93
6720,91
7679,91
7679,
0,
,
,
0,1
0,
0,1
0," ""major"""
0,
240,88
479,88
480,86
719,86
720,84
959,84
960,83
1199,83
1200,84
1439,84
1440,83
1679,83
1680,81
1919,81
1920,79
2399,79
2400,81
2879,81
2880,74
3359,74
3360,76
3599,76
3600,78
3839,78
3840,79
4319,79
4320,81
4799,81
4800,83
5039,83
5040,84
5279,84
5280,83
5519,83
5520,81
5759,81
5760,83
6239,83
6240,84
6719,84
6720,88
7199,88
7200,86
7679,86
7679,
0,
,
,
0,1
0,
0,1
0," ""major"""
0,
0,75
719,75
720,77
839,77
840,75
959,75
960,74
1439,74
1440,75
1919,75
1920,84
2399,84
2400,81
2879,81
2880,82
3359,82
3840,80
4319,80
4320,70
4799,70
4800,80
5279,80
5760,79
6239,79
6240,70
6719,70
6720,75
7199,75
7199,
0,
,
,
0,1
0,
0,2
0," ""major"""
0,
0,65
239,65
240,70
479,70
480,70
599,70
720,72
839,72
960,74
1199,74
1200,75
1439,75
1440,79
1559,79
1680,77
1799,77
1920,75
2039,75
2040,77
2099,77
2100,75
2159,75
2160,72
2279,72
2400,72
2519,72
2640,69
2759,69
2880,69
2999,69
3120,65
3239,65
3360,65
3479,65
3479,
0,
,
,
0,1
0,
0,3
0," ""major"""
0,
0,58
239,58
240,63
479,63
720,67
959,67
960,66
1199,66
1440,67
1679,67
1680,63
1919,63
2160,67
2399,67
2400,66
2639,66
2880,67
3119,67
3120,63
3359,63
3600,67
3839,67
3840,70
4079,70
4080,68
4319,68
4320,67
4559,67
4560,68
4799,68
4800,70
5039,70
5040,72
5279,72
5280,65
5519,65
5519,
0,
,
,
0,1
0,
0,2
0," ""major"""
0,
0,84
479,84
480,84
959,84
960,84
1439,84
1440,84
1919,84
1920,82
2159,82
2160,84
2399,84
2400,80
2639,80
2880,82
3359,82
3360,82
3839,82
3840,82
4319,82
4320,82
4799,82
4800,80
5039,80
5040,82
5279,82
5280,84
5759,84
5759,
0,
,
,
0,1
0,
0,2
0," ""major"""
0,
0,72
719,72
720,73
959,73
960,68
1199,68
1200,70
1439,70
1440,72
2399,72
2400,77
3119,77
3120,76
3359,76
3360,77
3599,77
3600,78
3839,78
3840,79
4559,79
4560,76
4799,76
4800,77
5039,77
5040,79
5279,79
5280,80
5519,80
5520,77
5759,77
5759,
0,
,
,
0,1
0,
0,2
0," ""major"""
0,
240,72
719,72
720,72
1199,72
1200,71
1319,71
1320,74
1439,74
1440,72
1679,72
1680,60
1919,60
2160,72
2279,72
2280,76
2399,76
2400,79
2639,79
2640,81
2879,81
2880,77
3119,77
3120,74
3359,74
3600,67
3719,67
3720,74
3839,74
3840,77
4079,77
4080,79
4319,79
4320,76
4559,76
4560,72
4799,72
4800,71
4829,71
4830,72
4859,72
4860,74
5039,74
5040,67
5279,67
5280,79
5519,79
5519,
0,
,
,
0,1
0,
0,3
0," ""major"""
0,
0,77
239,77
240,77
359,77
360,79
479,79
480,81
959,81
960,81
1079,81
1080,82
1199,82
1200,84
1679,84
1680,86
1919,86
1920,83
2159,83
2160,84
2399,84
2400,81
2519,81
2520,77
2639,77
2640,72
3119,72
3120,70
3239,70
3240,72
3359,72
3360,74
3839,74
3840,70
3959,70
3960,72
4079,72
4080,74
4319,74
4320,74
4559,74
4560,72
4679,72
4680,82
4799,82
4800,81
4919,81
4920,79
5039,79
5040,77
5279,77
5279,
0,
,
,
0,1
0,
0,2
0," ""major"""
0,
0,74
719,74
840,69
959,69
960,74
1679,74
1800,78
1919,78
1920,81
1979,81
1980,83
2039,83
2040,81
2099,81
2100,83
2159,83
2160,81
2219,81
2220,83
2279,83
2280,81
2339,81
2340,83
2399,83
2400,81
2459,81
2460,83
2519,83
2520,81
2579,81
2580,83
2639,83
2640,80
2759,80
2760,81
2879,81
2880,86
3119,86
3240,81
3359,81
3360,80
3599,80
3720,78
3839,78
3840,76
4559,76
4680,78
4799,78
4800,79
5519,79
5640,81
5759,81
5760,78
5999,78
6240,86
6599,86
6600,81
6659,81
6660,78
6719,78
6720,74
7079,74
7079,
0,
,
,
0,1
0,
0,3
0," ""major"""
0,
0,86
959,86
960,86
1079,86
1080,85
1199,85
1200,86
1319,86
1320,83
1439,83
1440,81
1919,81
2160,83
2279,83
2280,81
2399,81
2400,80
2519,80
2520,81
2639,81
2640,83
2759,83
2760,81
2879,81
2880,81
2999,81
3000,79
3119,79
3120,78
3239,78
3240,79
3359,79
3360,81
3479,81
3480,79
3599,79
3600,81
3719,81
3720,79
3839,79
3840,78
3959,78
3960,79
4079,79
4080,81
4199,81
4200,79
4319,79
4320,78
4559,78
4560,81
4799,81
4800,78
5039,78
5040,74
5279,74
5279,
0,
,
,
0,1
0,
0,3
0," ""major"""
0,
0,66
59,66
60,64
119,64
120,63
179,63
180,64
239,64
240,69
479,69
720,71
959,71
960,73
1199,73
1440,78
1679,78
1680,76
2399,76
2400,73
2639,73
2880,66
2939,66
2940,64
2999,64
3000,63
3059,63
3060,64
3119,64
3120,69
3359,69
3600,71
3839,71
3840,73
4079,73
4320,78
4559,78
4560,76
5279,76
5280,73
5519,73
5519,
0,
,
,
0,1
0,
0,2
0," ""major"""
0,
0,74
239,74
240,76
359,76
480,76
719,76
720,78
839,78
960,78
1199,78
1200,79
1319,79
1440,79
1679,79
1680,81
1799,81
1920,81
2639,81
2640,82
2879,82
2880,79
3359,79
3840,74
4079,74
4080,76
4199,76
4320,76
4559,76
4560,78
4679,78
4800,78
5039,78
5040,79
5159,79
5280,79
5519,79
5520,81
5639,81
5760,81
6479,81
6480,82
6719,82
6720,79
7199,79
7680,75
9119,75
9120,75
9279,75
9280,74
9439,74
9440,73
9599,73
9600,75
11039,75
11040,75
11199,75
11200,74
11359,74
11360,73
11519,73
11520,75
11759,75
11880,74
11999,74
11999,
0,
,
,
0,1
0,
0,2
0," ""major"""
0,
0,81
479,81
480,78
719,78
840,76
959,76
960,74
1439,74
1440,78
1679,78
1800,79
1919,79
1920,81
3359,81
3360,83
3599,83
3720,85
3839,85
3840,86
4319,86
4320,85
4559,85
4680,86
4799,86
4800,78
5279,78
5280,79
5519,79
5640,81
5759,81
5760,83
6719,83
6720,81
7199,81
7199,
0,
,
,
0,1
0,
0,3
0," ""major"""
0,
0,71
239,71
240,71
1439,71
1440,71
1679,71
1680,71
2159,71
2160,71
2399,71
2400,71
2639,71
2640,72
2879,72
2880,74
3119,74
3120,76
3839,76
3840,74
4559,74
5760,71
5999,71
6000,74
6479,74
6480,72
6719,72
6720,69
8639,69
8640,69
8879,69
8880,71
9359,71
9360,69
9599,69
9600,71
10079,71
10079,
0,
,
,
0,1
0,
0,2
0," ""major"""
0,
0,76
119,76
120,75
479,75
480,76
599,76
600,78
1559,78
1560,66
1919,66
1920,76
2039,76
2040,75
2399,75
2400,76
2519,76
2520,74
2999,74
3000,71
3239,71
3840,74
3959,74
3960,73
4319,73
4320,74
4439,74
4440,76
5399,76
5400,64
5759,64
5759,
0,
,
,
0,1
0,
0,2
0," ""major"""
0,
0,71
479,71
480,71
1199,71
1200,74
1439,74
1440,74
1679,74
1680,74
1919,74
1920,74
2159,74
2160,79
2399,79
2400,79
3359,79
3360,67
3839,67
3840,69
4079,69
4080,71
4319,71
4320,74
4679,74
4680,72
4799,72
4800,71
5159,71
5160,72
5279,72
5280,78
5639,78
5640,76
5759,76
5759,
0,
,
,
0,1
0,
0,2
0," ""major"""
0,
0,62
239,62
240,65
639,65
640,62
799,62
800,63
959,63
960,65
1119,65
1120,66
1279,66
1280,68
1439,68
1440,66
1679,66
1680,65
1919,65
1920,62
2639,62
2640,65
2879,65
2880,62
3599,62
3600,63
3839,63
3839,
0,
,
,
0,1
0,
0,2
0," ""major"""
0,
480,83
1439,83
1440,82
1599,82
1600,83
1759,83
1760,82
1919,82
1920,81
3359,81
3360,80
3519,80
3520,81
3679,81
3680,82
3839,82
3840,83
5279,83
5280,82
5439,82
5440,83
5599,83
5600,82
5759,82
5760,81
7199,81
7200,77
7679,77
7679,
0,
,
,
0,1
0,
0,2
0," ""major"""
0,
0,83
479,83
480,78
959,78
960,83
1439,83
1440,81
1679,81
1680,83
1919,83
1920,85
2159,85
2160,86
2399,86
2400,85
2639,85
2640,81
2879,81
2880,83
3839,83
3840,76
4319,76
4320,78
5039,78
5280,66
5759,66
5760,68
6479,68
6480,71
6719,71
6720,70
6839,70
6840,68
6959,68
6960,66
7199,66
7199,
0,
,
,
0,1
0,
0,2
0," ""major"""
0,
0,63
239,63
240,68
479,68
480,66
719,66
720,64
959,64
960,63
1199,63
1200,64
1439,64
1440,66
1679,66
1680,68
1919,68
1920,70
2159,70
2160,71
2399,71
2400,73
2639,73
2640,75
2879,75
2880,76
3119,76
3120,78
3359,78
3360,75
3599,75
3600,71
3839,71
3840,73
4079,73
4080,75
4319,75
4320,76
4559,76
4560,78
4799,78
4800,75
5039,75
5040,73
5279,73
5280,75
5519,75
5520,71
5759,71
5759,
0,
,
,
0,1
0,
0,2
0," ""major"""
0,
0,71
479,71
480,71
959,71
960,73
1919,73
1920,71
2159,71
2160,73
2399,73
2400,74
2639,74
2640,71
2879,71
2880,73
3839,73
3840,71
4079,71
4080,73
4319,73
4320,74
4559,74
4560,76
4799,76
4800,78
5039,78
5040,76
5279,76
5280,74
5519,74
5520,73
5759,73
5760,71
5919,71
5920,73
6079,73
6080,74
6239,74
6240,71
7199,71
7200,73
7679,73
7679,
0,
,
,
0,1
0,
0,2
0," ""major"""
0,
480,75
719,75
720,71
959,71
960,75
1199,75
1200,70
1439,70
1440,68
1679,68
1680,70
1919,70
1920,66
2399,66
2400,68
2639,68
2640,70
2879,70
2880,75
3599,75
3600,75
3839,75
3840,78
4799,78
4800,80
5759,80
6240,78
6479,78
6480,76
6719,76
6720,75
6959,75
6960,68
7199,68
7200,73
7919,73
7920,71
8159,71
8160,67
8639,67
8639,
0,
,
,
0,1
0,
0,2
0," ""major"""
0,
0,82
479,82
720,82
959,82
960,73
1679,73
1680,73
1919,73
1920,73
2159,73
2160,74
2399,74
2400,74
2639,74
2640,73
2879,73
2880,73
3119,73
3120,74
3359,74
3360,74
3599,74
3600,73
3839,73
3840,73
4079,73
4080,74
4319,74
4320,74
4559,74
4560,73
4799,73
4800,73
5039,73
5040,74
5279,74
5280,74
5519,74
5520,81
5759,81
5760,82
6239,82
6239,
0,
,
,
0,1
0,
0,2
0," ""major"""
0,
480,73
959,73
960,72
1439,72
1440,72
2399,72
2400,70
2879,70
3360,73
3839,73
3840,72
4319,72
4320,72
5279,72
5280,70
6239,70
6240,72
6719,72
6720,73
7199,73
7200,74
7679,74
7680,75
8159,75
8160,77
8639,77
8640,80
9119,80
9120,78
9599,78
9600,77
10079,77
10079,
0,
,
,
0,1
0,
0,2
0," ""major"""
0,
0,66
119,66
120,66
239,66
240,66
359,66
360,66
479,66
480,64
719,64
720,63
959,63
960,64
1079,64
1080,64
1199,64
1200,64
1319,64
1320,64
1439,64
1440,63
1679,63
1680,64
1919,64
1920,66
2039,66
2040,66
2159,66
2160,66
2279,66
2280,66
2399,66
2400,64
2639,64
2640,63
2759,63
2760,61
2879,61
2880,59
3359,59
3360,56
3599,56
3599,
0,
,
,
0,1
0,
0,2
0," ""major"""
0,
0,59
839,59
840,58
959,58
960,56
1799,56
1800,54
1919,54
1920,59
2159,59
2160,61
2399,61
2400,63
2639,63
2640,64
2879,64
2880,66
3119,66
3120,63
3239,63
3240,63
3359,63
3360,64
3599,64
3600,61
3839,61
4080,58
4679,58
4680,56
4799,56
4800,54
5639,54
5639,
0,
,
,
0,1
0,
0,2
0," ""major"""
0,
0,66
239,66
240,76
479,76
480,73
1919,73
1920,66
2399,66
2400,75
2879,75
2880,71
3839,71
3840,66
4319,66
4320,76
4799,76
4800,78
5759,78
5760,80
6239,80
6240,75
6479,75
6480,73
6719,73
6720,87
7679,87
7679,
0,
,
,
0,1
0,
0,2
0," ""major"""
0,
240,78
479,78
480,77
719,77
720,76
959,76
960,75
1439,75
1440,80
1919,80
2160,68
2639,68
2640,70
2879,70
2880,73
3119,73
3120,71
3359,71
3360,70
3599,70
3600,68
3839,68
3840,66
4199,66
4200,70
4319,70
4320,73
4559,73
4560,76
4799,76
4800,75
5039,75
5040,80
5069,80
5070,78
5279,78
5279,
0,
,
,
0,1
0,
0,2
0," ""major"""
0,
0,86
239,86
240,88
269,88
270,86
479,86
480,85
719,85
720,86
1199,86
1200,88
1679,88
1680,86
1919,86
1920,83
2039,83
2040,84
2159,84
2160,86
2399,86
2400,84
2639,84
2640,83
2879,83
2880,84
3119,84
3120,81
3839,81
3840,84
4079,84
4080,84
4319,84
4320,83
4559,83
4560,84
5039,84
5040,86
5519,86
5520,84
5759,84
5760,83
5879,83
5880,84
5999,84
6000,81
6239,81
6240,86
6479,86
6480,83
7439,83
7439,
0,
,
,
0,1
0,
0,2
0," ""major"""
0,
0,82
119,82
120,83
239,83
240,87
269,87
270,85
359,85
360,83
479,83
480,83
599,83
600,83
719,83
720,88
839,88
840,83
959,83
960,83
1079,83
1080,83
1199,83
1200,82
1319,82
1320,83
1439,83
1440,83
1559,83
1560,83
1679,83
1680,80
1799,80
1800,83
1919,83
1920,83
2039,83
2040,83
2159,83
2160,82
2279,82
2280,83
2399,83
2400,83
2519,83
2520,83
2639,83
2640,88
2759,88
2760,83
2879,83
2880,83
2999,83
3000,83
3119,83
3120,85
3149,85
3150,83
3239,83
3240,81
3359,81
3360,80
3479,80
3480,78
3599,78
3600,80
3839,80
3839,
0,
,
,
0,1
0,
0,2
0," ""major"""
0,
0,77
239,77
240,78
479,78
480,80
1439,80
1440,82
1919,82
1920,80
2879,80
2880,78
3359,78
3360,77
4799,77
4800,73
5279,73
5760,77
5999,77
6000,78
6239,78
6240,80
7199,80
7200,82
7679,82
7680,80
8639,80
8640,77
9119,77
9120,78
10799,78
10799,
0,
,
,
0,1
0,
0,2
0," ""major"""
0,
0,83
239,83
360,82
479,82
480,80
599,80
600,78
719,78
720,77
839,77
840,78
959,78
960,83
1199,83
1200,78
1439,78
1440,75
1679,75
1680,71
1919,71
1920,80
2159,80
2160,69
2279,69
2280,73
2399,73
2400,80
2639,80
2640,70
2759,70
2760,73
2879,73
2880,80
3119,80
3120,71
3239,71
3240,75
3359,75
3360,80
3599,80
3600,72
3719,72
3720,75
3839,75
3839,
0,
,
,
0,1
0,
0,2
0," ""major"""
0,
0,66
119,66
120,71
239,71
240,75
479,75
480,78
719,78
720,83
959,83
960,85
1199,85
1200,87
1319,87
1320,85
1439,85
1440,83
1559,83
1560,82
1679,82
1680,80
1919,80
1920,78
2039,78
2040,82
2159,82
2160,80
2399,80
2400,78
2639,78
2640,82
2669,82
2670,80
2879,80
2880,78
2999,78
3000,82
3119,82
3120,80
3359,80
3360,78
3599,78
3600,82
3629,82
3630,80
3839,80
3840,78
3959,78
3960,75
4079,75
4080,83
4319,83
4320,80
4559,80
4559,
0,
,
,
0,1
0,
0,2
0," ""major"""
0,
0,83
479,83
480,81
719,81
720,83
1199,83
1200,84
1439,84
1440,83
1919,83
1920,81
2159,81
2160,79
2639,79
2640,74
2879,74
2880,83
3359,83
3360,81
3599,81
3600,83
4079,83
4080,84
4319,84
4320,83
4799,83
4800,81
5039,81
5040,79
5519,79
5760,81
6239,81
6240,79
6479,79
6480,78
6719,78
6720,79
6959,79
6960,78
7199,78
7200,76
7439,76
7440,78
7679,78
7680,76
7919,76
7920,74
8399,74
8399,
0,
,
,
0,1
0,
0,2
0," ""major"""
0,
0,72
719,72
720,72
1439,72
1440,72
1919,72
1920,79
2159,79
2160,76
2639,76
2640,72
2879,72
2880,74
3599,74
3600,74
4319,74
4320,74
4799,74
4800,81
5039,81
5040,77
5519,77
5520,74
5759,74
5760,72
6479,72
6480,72
7199,72
7200,72
7679,72
7680,71
7919,71
7920,69
8399,69
8400,71
8639,71
8640,72
10079,72
10079,
0,
,
,
0,1
0,
0,2
0," ""major"""
0,
0,86
359,86
360,88
479,88
480,86
719,86
720,83
959,83
960,84
1199,84
1200,86
1229,86
1230,84
1439,84
1440,83
1679,83
1680,84
1919,84
1920,86
2159,86
2160,88
2279,88
2280,86
2399,86
2400,84
2639,84
2640,83
2879,83
2880,81
3359,81
3360,79
3599,79
3599,
0,
,
,
0,1
0,
0,2
0," ""major"""
0,
0,67
239,67
240,72
479,72
480,77
539,77
540,76
599,76
600,74
659,74
660,76
719,76
720,72
959,72
960,77
1019,77
1020,76
1079,76
1080,74
1139,74
1140,76
1199,76
1200,72
1679,72
1680,60
1799,60
1800,62
1919,62
1920,64
2039,64
2040,65
2159,65
2160,67
2399,67
2400,67
2879,67
2880,72
2999,72
3000,67
3119,67
3120,67
3359,67
3360,67
3839,67
3840,67
3869,67
3870,65
3959,65
3960,64
4079,64
4080,72
4319,72
4319,
0,
,
,
0,1
0,
0,2
0," ""major"""
0,
0,79
959,79
960,79
989,79
990,77
1079,77
1080,76
1199,76
1200,77
1319,77
1320,79
1439,79
1440,81
1799,81
1800,79
1919,79
1920,79
2399,79
2880,76
3839,76
3840,79
3959,79
3960,77
4079,77
4080,76
4199,76
4200,77
4319,77
4320,76
4799,76
4800,74
4859,74
4860,76
4919,76
4920,74
4979,74
4980,76
5039,76
5040,74
5099,74
5100,76
5159,76
5160,74
5219,74
5220,76
5279,76
5280,72
5759,72
5759,
0,
,
,
0,1
0,
0,1
0," ""major"""
0,
0,63
959,63
960,65
1919,65
1920,67
2639,67
2640,65
2759,65
2760,67
2879,67
2880,68
4319,68
4320,67
4799,67
4800,65
5279,65
5280,63
5759,63
5760,62
6479,62
6480,63
6599,63
6600,65
6719,65
6720,63
7199,63
7199,
0,
,
,
0,1
0,
0,2
0," ""major"""
0,
0,77
719,77
720,79
839,79
840,77
959,77
960,75
1199,75
1440,70
1679,70
1920,80
2159,80
2400,77
2639,77
2880,79
3119,79
3840,77
4559,77
4560,79
4679,79
4680,77
4799,77
4800,75
5039,75
5280,70
5519,70
5760,80
5999,80
6240,77
6479,77
6720,79
6959,79
6959,
0,
,
,
0,1
0,
0,2
0," ""major"""
0,
0,79
239,79
240,79
419,79
420,75
479,75
480,72
719,72
960,79
1199,79
1200,80
1379,80
1380,77
1439,77
1440,74
1679,74
1920,77
2159,77
2160,77
2339,77
2340,74
2399,74
2400,71
2639,71
2880,79
3119,79
3120,77
3299,77
3300,75
3359,75
3360,75
3599,75
3599,
0,
,
,
0,1
0,
0,3
0," ""major"""
0,
0,67
239,67
240,63
479,63
480,67
719,67
720,67
959,67
960,63
1199,63
1200,67
1439,67
1440,67
2639,67
2640,68
2879,68
2880,70
3359,70
3360,67
3599,67
3600,72
4079,72
4080,70
4319,70
4320,70
4349,70
4350,68
4799,68
4800,67
5039,67
5040,68
5279,68
5280,67
5519,67
5520,65
5759,65
5759,
0,
,
,
0,1
0,
0,2
0," ""major"""
0,
0,74
719,74
720,79
959,79
960,71
1439,71
1440,74
1559,74
1560,72
1679,72
1680,71
1799,71
1800,72
1919,72
1920,74
2159,74
2160,71
2399,71
2400,76
2639,76
2640,74
2879,74
2880,74
3839,74
3839,
0,
,
,
0,1
0,
0,2
0," ""major"""
0,
0,79
959,79
960,71
1439,71
1440,71
1919,71
1920,72
2399,72
2400,81
2879,81
2880,79
3119,79
3120,72
3359,72
3360,74
4079,74
4080,76
4199,76
4200,77
4319,77
4320,79
4439,79
4440,77
4559,77
4560,76
4679,76
4680,77
4799,77
4800,76
5279,76
5279,
0,
,
,
0,1
0,
0,2
0," ""major"""
0,
0,74
479,74
480,79
599,79
600,78
719,78
720,76
839,76
840,74
959,74
960,74
1319,74
1320,76
1439,76
1440,74
1919,74
1920,67
2399,67
2400,71
2519,71
2520,69
2639,69
2640,67
2759,67
2760,66
2879,66
2880,67
3119,67
3120,71
3199,71
3200,72
3279,72
3280,71
3359,71
3360,67
3599,67
3840,71
4319,71
4320,74
4439,74
4440,72
4559,72
4560,71
4679,71
4680,69
4799,69
4800,71
5039,71
5040,74
5119,74
5120,76
5199,76
5200,74
5279,74
5280,71
5519,71
5519,
0,
,
,
0,1
0,
0,2
0," ""major"""
0,
0,72
1439,72
1440,74
1799,74
1800,71
1919,71
1920,72
3359,72
3360,79
3719,79
3720,71
3839,71
3840,72
5279,72
5280,74
5639,74
5640,71
5759,71
5760,74
5789,74
5790,72
5879,72
5880,71
5999,71
6000,72
6119,72
6120,74
6239,74
6240,77
6269,77
6270,76
6359,76
6360,74
6479,74
6480,76
6599,76
6600,77
6719,77
6720,79
7199,79
7440,79
7679,79
7680,79
7799,79
7800,77
7919,77
7920,76
8039,76
8040,77
8159,77
8160,74
8639,74
8639,
0,
,
,
0,1
0,
0,2
0," ""major"""
0,
0,72
1799,72
1800,71
1859,71
1860,72
1919,72
1920,74
2159,74
2160,72
2399,72
2400,71
2639,71
2640,69
2879,69
2880,79
3839,79
3840,79
3959,79
3960,77
4079,77
4080,76
4199,76
4200,77
4319,77
4320,77
4799,77
4800,76
5279,76
5280,74
5759,74
5760,67
6719,67
6720,72
6839,72
6840,71
6959,71
6960,69
7079,69
7080,71
7199,71
7200,72
7679,72
7680,74
7799,74
7800,77
8159,77
8160,76
8279,76
8280,79
8639,79
8639,
0,
,
,
0,1
0,
0,1
0," ""major"""
0,
0,81
1439,81
1440,79
1499,79
1500,81
1559,81
1560,79
1619,79
1620,81
1679,81
1680,78
1919,78
1920,78
2159,78
2160,83
2399,83
2400,83
3359,83
3360,81
3839,81
3840,81
4319,81
4320,79
5279,79
5280,78
5339,78
5340,79
5399,79
5400,78
5459,78
5460,79
5519,79
5520,76
5759,76
5760,76
5999,76
6000,81
6239,81
6240,81
7199,81
7200,79
7679,79
7680,78
8039,78
8040,79
8159,79
8160,81
8399,81
8400,81
8639,81
8640,81
9599,81
9599,
0,
,
,
0,1
0,
0,1
0," ""major"""
0,
0,81
959,81
960,79
1079,79
1080,78
1439,78
1440,76
1559,76
1560,74
1919,74
1920,79
2639,79
2640,76
2879,76
2880,73
3359,73
3840,88
4479,88
4480,85
4639,85
4640,86
4799,86
4800,88
4959,88
4960,86
5119,86
5120,85
5279,85
5280,83
5439,83
5440,81
5599,81
5600,79
5759,79
5760,78
5919,78
5920,86
6079,86
6080,81
6239,81
6240,81
7679,81
7679,
0,
,
,
0,1
0,
0,3
0," ""major"""
0,
0,74
359,74
360,76
479,76
480,74
719,74
720,74
959,74
960,71
1199,71
1200,67
1439,67
1440,72
1799,72
1800,74
1859,74
1860,76
1919,76
1920,76
2159,76
2400,79
2639,79
2640,76
2879,76
2880,74
3239,74
3240,76
3359,76
3360,72
3599,72
3600,71
3959,71
3960,72
4079,72
4080,69
4319,69
4320,67
5759,67
5759,
0,
,
,
0,1
0,
0,2
0," ""major"""
0,
0,83
29,83
30,81
119,81
120,79
239,79
240,81
359,81
360,83
479,83
480,81
719,81
720,86
959,86
960,83
989,83
990,81
1079,81
1080,79
1199,79
1200,81
1319,81
1320,83
1439,83
1440,81
1679,81
1680,86
1919,86
1920,81
2159,81
2160,83
2279,83
2280,81
2399,81
2400,79
2639,79
2640,78
2879,78
2880,76
3119,76
3120,78
3359,78
3360,81
3479,81
3480,79
3599,79
3600,78
3719,78
3720,76
3839,76
3839,
0,
,
,
0,1
0,
0,2
0," ""major"""
0,
240,81
479,81
480,77
719,77
720,74
959,74
960,74
989,74
990,73
1079,73
1080,71
1199,71
1200,73
1319,73
1320,74
1439,74
1440,76
1679,76
2160,82
2399,82
2400,79
2639,79
2640,76
2879,76
2880,79
2909,79
2910,77
2999,77
3000,76
3119,76
3120,77
3239,77
3240,79
3359,79
3360,81
3599,81
3599,
0,
,
,
0,1
0,
0,1
0," ""major"""
0,
0,82
959,82
960,82
1679,82
1680,82
1919,82
1920,82
2399,82
2640,77
2879,77
2880,74
3119,74
3360,81
3479,81
3480,79
3599,79
3600,77
3719,77
3720,79
3839,79
3840,77
4319,77
4560,74
4799,74
4800,72
5039,72
5280,77
5399,77
5400,75
5519,75
5520,74
5639,74
5640,75
5759,75
5760,74
6239,74
6239,
0,
,
,
0,1
0,
0,2
0," ""major"""
0,
480,77
959,77
960,77
1439,77
1440,77
1919,77
1920,77
2639,77
2640,79
2759,79
2760,81
2879,81
2880,82
3119,82
3120,81
3359,81
3360,79
3599,79
3600,77
3839,77
3840,75
4319,75
4320,75
4679,75
4680,77
4799,77
4800,74
5279,74
5280,74
5639,74
5640,75
5759,75
5760,72
5999,72
6000,69
6239,69
6240,65
6719,65
6719,
0,
,
,
0,1
0,
0,2
0," ""major"""
0,
0,67
959,67
960,68
1319,68
1320,65
1439,65
1440,63
2399,63
2400,72
2759,72
2760,70
2879,70
2880,70
3359,70
3360,68
3599,68
3600,67
3839,67
3840,65
4079,65
4080,63
4319,63
4320,65
5039,65
5040,67
5159,67
5160,68
5279,68
5280,67
5519,67
5519,
0,
,
,
0,1
0,
0,3
0," ""major"""
0,
0,65
239,65
240,70
719,70
720,74
959,74
960,70
1439,70
1440,74
1679,74
1680,72
1919,72
1920,74
1949,74
1950,72
2039,72
2040,70
2159,70
2160,72
2279,72
2280,74
2399,74
2400,75
2879,75
2880,72
3119,72
3120,77
3599,77
3600,74
3719,74
3720,70
3839,70
3840,82
4319,82
4320,77
4439,77
4440,74
4559,74
4560,77
4799,77
4800,75
5039,75
5040,74
5279,74
5280,72
5759,72
5759,
0,
,
,
0,1
0,
0,2
0," ""major"""
0,
0,74
479,74
480,72
599,72
600,71
719,71
720,69
839,69
840,67
959,67
960,67
1559,67
1560,69
1679,69
1680,71
1799,71
1800,72
1919,72
1920,74
2039,74
2040,76
2159,76
2160,78
2279,78
2280,79
2399,79
2400,78
3359,78
3360,76
3419,76
3420,78
3479,78
3480,76
3539,76
3540,78
3599,78
3600,76
3659,76
3660,78
3719,78
3720,76
3779,76
3780,78
3839,78
4080,76
4319,76
4320,74
4439,74
4440,72
4559,72
4560,71
4679,71
4680,69
4799,69
4800,69
5399,69
5400,71
5519,71
5520,72
5639,72
5640,74
5759,74
5760,76
5879,76
5880,78
5999,78
6000,79
6119,79
6120,81
6239,81
6240,72
7199,72
7200,71
7679,71
7679,
0,
,
,
0,1
0,
0,2
0," ""major"""
0,
0,71
479,71
480,69
539,69
540,71
599,71
600,69
659,69
660,71
719,71
720,69
779,69
780,71
839,71
840,71
959,71
960,74
1199,74
1200,72
1679,72
1680,71
1919,71
1920,76
2279,76
2280,78
2399,78
2400,79
2759,79
2760,83
2879,83
2880,74
3119,74
3120,72
3359,72
3360,71
3599,71
3599,
0,
,
,
0,1
0,
0,2
0," ""major"""
0,
0,74
359,74
360,76
419,76
420,78
479,78
480,79
719,79
720,78
959,78
960,78
1199,78
1200,76
1229,76
1230,74
1259,74
1260,76
1289,76
1290,78
1319,78
1320,76
1439,76
1440,74
1679,74
1920,74
2159,74
2160,78
2189,78
2190,76
2279,76
2280,74
2399,74
2400,79
2519,79
2520,74
2639,74
2640,76
2759,76
2760,74
2879,74
2880,74
3119,74
3120,72
3149,72
3150,71
3179,71
3180,72
3209,72
3210,74
3239,74
3240,72
3359,72
3360,71
3599,71
3599,
0,
,
,
0,1
0,
0,3
0," ""major"""
0,
0,74
119,74
120,72
239,72
240,71
479,71
480,72
539,72
540,74
599,74
600,72
659,72
660,74
719,74
720,74
1199,74
1200,67
1439,67
1440,76
1679,76
1680,76
1919,76
1920,79
2039,79
2040,76
2159,76
2160,76
2399,76
2400,74
2639,74
2640,74
2879,74
2880,74
3119,74
3120,79
3359,79
3360,81
3419,81
3420,83
3479,83
3480,81
3539,81
3540,83
3599,83
3600,83
4079,83
4080,84
4319,84
4320,86
4559,86
4559,
0,
,
,
0,1
0,
0,1
0," ""major"""
0,
0,62
959,62
960,69
1919,69
1920,65
2879,65
2880,62
3839,62
3840,61
4799,61
4800,62
5279,62
5280,64
5759,64
5760,65
6959,65
6960,67
7199,67
7200,65
7439,65
7440,64
7679,64
7679,
0,
,
,
0,1
0,
0,2
0," ""major"""
0,
0,71
479,71
480,70
959,70
960,71
1199,71
1200,73
1439,73
1440,74
1919,74
1920,76
2399,76
2400,74
2879,74
2880,73
3359,73
3360,71
3839,71
3840,71
4319,71
4320,67
4799,67
4800,69
5279,69
5280,71
5759,71
5760,69
5999,69
6000,67
6239,67
6240,66
6479,66
6480,64
6719,64
6720,66
7199,66
7200,64
7679,64
7679,
0,
,
,
0,1
0,
0,3
0," ""major"""
0,
240,67
479,67
480,69
719,69
720,71
959,71
960,74
1199,74
1200,72
1439,72
1440,72
1679,72
1680,76
1919,76
1920,74
2159,74
2160,74
2399,74
2400,79
2639,79
2640,78
2879,78
2880,79
3119,79
3120,74
3359,74
3360,71
3599,71
3600,67
3839,67
3840,69
4079,69
4080,71
4319,71
4319,
0,
,
,
0,1
0,
0,2
0," ""major"""
0,
0,71
959,71
960,72
1439,72
1440,74
2399,74
2400,74
2879,74
2880,72
3839,72
3840,71
4319,71
4320,69
4799,69
4800,69
5279,69
5279,
0,
,
,
0,1
0,
0,2
0," ""major"""
0,
0,74
479,74
480,74
959,74
960,74
1439,74
1440,69
1679,69
1680,71
1919,71
1920,73
2399,73
2400,74
2639,74
2640,73
2879,73
2880,71
3359,71
3360,69
3839,69
3840,74
4319,74
4320,73
4799,73
4800,71
5279,71
5280,69
5759,69
5760,71
6239,71
6240,67
6479,67
6480,66
6719,66
6720,64
7199,64
7200,62
7679,62
7679,
0,
,
,
0,1
0,
0,2
0," ""major"""
0,
0,72
479,72
480,70
959,70
960,68
1199,68
1200,67
1439,67
1440,67
2879,67
2880,75
3359,75
3360,74
3839,74
3840,72
4079,72
4080,71
4319,71
4320,71
5759,71
5759,
0,
,
,
0,1
0,
0,2
0," ""major"""
0,
0,58
239,58
240,63
359,63
360,65
479,65
480,67
719,67
720,67
959,67
960,65
1199,65
1200,68
1439,68
1440,67
1679,67
1680,58
1919,58
1920,56
2159,56
2160,67
2279,67
2280,63
2399,63
2400,65
2639,65
2640,56
2879,56
2880,55
3119,55
3120,62
3359,62
3360,63
3599,63
3599,
0,
,
,
0,1
0,
0,1
0," ""major"""
0,
240,65
479,65
480,69
719,69
720,72
959,72
960,77
1199,77
1200,72
1439,72
1440,74
1679,74
1680,72
1799,72
1800,70
1919,70
1920,69
2039,69
2040,67
2159,67
2160,65
2279,65
2280,67
2399,67
2400,69
2519,69
2520,71
2639,71
2640,69
2759,69
2760,71
2879,71
2880,72
2999,72
3000,74
3119,74
3120,76
3239,76
3240,72
3359,72
3360,77
3479,77
3480,76
3599,76
3600,77
3719,77
3720,79
3839,79
3840,76
3959,76
3959,
0,
,
,
0,1
0,
0,2
0," ""major"""
0,
0,81
719,81
720,82
839,82
840,81
959,81
960,79
1079,79
1080,77
1199,77
1200,76
1319,76
1320,79
1379,79
1380,77
1439,77
1440,79
2159,79
2160,81
2279,81
2280,82
2399,82
2400,81
2519,81
2520,79
2639,79
2640,77
2759,77
2760,79
2819,79
2820,76
2879,76
2880,77
2939,77
2940,79
2999,79
3000,77
3059,77
3060,76
3119,76
3120,74
3239,74
3240,76
3299,76
3300,73
3359,73
3360,74
3719,74
3719,
0,
,
,
0,1
0,
0,3
0," ""major"""
0,
240,65
479,65
480,65
719,65
720,65
959,65
960,69
1079,69
1080,67
1199,67
1200,69
1319,69
1320,65
1439,65
1440,72
1679,72
1680,72
1919,72
1920,72
2159,72
2160,72
2399,72
2400,76
2519,76
2520,74
2639,74
2640,76
2759,76
2760,72
2879,72
2880,77
3119,77
3120,77
3359,77
3360,77
3599,77
3600,77
3839,77
3840,79
3959,79
3960,77
4079,77
4080,76
4199,76
4200,74
4319,74
4319,
0,
,
,
0,1
0,
0,2
0," ""major"""
0,
0,72
479,72
480,75
959,75
960,74
1439,74
1440,72
1919,72
1920,70
2159,70
2160,69
2399,69
2400,70
2879,70
2880,72
3359,72
3360,75
3839,75
3840,74
4319,74
4320,72
4379,72
4380,74
4439,74
4440,72
4499,72
4500,74
4559,74
4560,72
4619,72
4620,74
4679,74
4680,72
4739,72
4740,74
4799,74
4800,72
4859,72
4860,74
4919,74
4920,72
4979,72
4980,74
5039,74
5040,72
5099,72
5100,74
5159,74
5160,72
5219,72
5220,74
5279,74
5280,77
5759,77
5759,
0,
,
,
0,1
0,
0,2
0," ""major"""
0,
0,77
959,77
960,79
1439,79
1440,76
2399,76
2400,77
2879,77
2880,74
3359,74
3360,82
4319,82
4320,79
4379,79
4380,81
4439,81
4440,79
4499,79
4500,81
4559,81
4560,79
4619,79
4620,81
4679,81
4680,79
4739,79
4740,81
4799,81
4800,79
4859,79
4860,81
4919,81
4920,79
4979,79
4980,81
5039,81
5040,77
5159,77
5160,79
5279,79
5280,81
5759,81
5760,74
6719,74
6720,76
7199,76
7200,73
7679,73
7680,71
7919,71
7920,69
8159,69
8160,74
8639,74
8639,
0,
,
,
0,1
0,
0,3
0," ""major"""
0,
0,60
239,60
240,65
359,65
360,69
479,69
480,67
599,67
600,64
719,64
720,65
839,65
840,60
959,60
960,67
1079,67
1080,70
1199,70
1200,69
1319,69
1320,65
1439,65
1440,67
1559,67
1560,60
1679,60
1680,69
1799,69
1800,72
1919,72
1920,70
2039,70
2040,67
2159,67
2160,69
2279,69
2280,65
2399,65
2400,70
2639,70
2640,70
2999,70
2999,
0,
,
,
0,1
0,
0,1
0," ""major"""
0,
0,77
239,77
240,72
479,72
480,69
599,69
600,70
719,70
720,72
959,72
960,69
1079,69
1080,70
1199,70
1200,72
1439,72
1440,77
1679,77
1680,72
1919,72
1920,77
2159,77
2159,
0,
,
,
0,1
0,
0,1
0," ""major"""
0,
0,74
119,74
120,76
239,76
240,74
359,74
360,76
479,76
480,76
539,76
540,77
599,77
600,76
659,76
660,77
719,77
720,76
779,76
780,77
839,77
840,74
899,74
900,76
959,76
960,77
1199,77
1200,65
1319,65
1320,67
1439,67
1440,69
1559,69
1560,70
1679,70
1680,72
1799,72
1800,69
1919,69
1920,74
2039,74
2040,70
2159,70
2160,67
2279,67
2280,70
2399,70
2400,64
2519,64
2520,67
2639,67
2640,72
2759,72
2760,70
2879,70
2880,69
2999,69
3000,70
3119,70
3120,72
3239,72
3240,69
3359,69
3360,65
3599,65
3599,
0,
,
,
0,1
0,
0,2
0," ""major"""
0,
0,69
479,69
480,70
1199,70
1200,69
1439,69
1440,67
1559,67
1560,70
1679,70
1680,69
1919,69
1920,65
1979,65
1980,67
2039,67
2040,65
2099,65
2100,67
2159,67
2160,65
2219,65
2220,67
2279,67
2280,65
2339,65
2340,67
2399,67
2400,64
2639,64
2640,62
2879,62
2879,
0,
,
,
0,1
0,
0,2
0," ""major"""
0,
0,77
239,77
240,84
479,84
480,84
539,84
540,86
599,86
600,84
659,84
660,86
719,86
720,82
839,82
840,84
959,84
960,86
1199,86
1200,84
1319,84
1320,82
1439,82
1440,84
1679,84
1680,89
1919,89
1920,84
1979,84
1980,86
2039,86
2040,84
2099,84
2100,86
2159,86
2160,81
2279,81
2280,82
2399,82
2400,84
2459,84
2460,86
2519,86
2520,84
2579,84
2580,86
2639,86
2640,82
2759,82
2760,84
2879,84
2880,86
3119,86
3120,84
3239,84
3240,82
3359,82
3360,84
3479,84
3480,82
3599,82
3600,81
3719,81
3720,84
3839,84
3839,
0,
,
,
0,1
0,
0,1
0," ""major"""
0,
0,67
119,67
120,66
239,66
240,67
479,67
480,62
599,62
600,60
719,60
720,62
959,62
960,67
1079,67
1080,66
1199,66
1200,67
1439,67
1440,59
1559,59
1560,57
1679,57
1680,59
1919,59
1920,67
2039,67
2040,66
2159,66
2160,67
2399,67
2400,55
2519,55
2520,57
2639,57
2640,59
2879,59
2880,61
3119,61
3120,62
3239,62
3240,61
3359,61
3360,62
3479,62
3480,64
3599,64
3600,62
3719,62
3720,66
3839,66
3839,
0,
,
,
0,1
0,
0,2
0," ""major"""
0,
0,67
119,67
120,66
239,66
240,67
359,67
360,69
479,69
480,71
599,71
600,72
719,72
720,74
839,74
840,76
959,76
960,74
1079,74
1080,72
1199,72
1200,71
1319,71
1320,69
1439,69
1440,71
1679,71
1680,74
1919,74
1920,79
2159,79
2160,78
2279,78
2280,79
2399,79
2400,78
2519,78
2520,76
2639,76
2640,74
2759,74
2760,72
2879,72
2880,71
3119,71
3119,
0,
,
,
0,1
0,
0,3
0," ""major"""
0,
0,83
119,83
120,86
239,86
240,91
359,91
360,86
479,86
480,83
599,83
600,79
719,79
720,78
839,78
840,81
959,81
960,86
1079,86
1080,81
1199,81
1200,78
1319,78
1320,74
1439,74
1440,83
1679,83
1680,81
1919,81
1920,79
2159,79
2400,79
2519,79
2520,81
2639,81
2640,83
2879,83
2880,81
3119,81
3120,79
3359,79
3360,78
3599,78
3840,78
3959,78
3960,79
4079,79
4080,81
4319,81
4319,
0,
,
,
0,1
0,
0,2
0," ""major"""
0,
480,83
719,83
720,84
959,84
960,83
1199,83
1200,84
1439,84
1440,81
1679,81
1680,79
1919,79
1920,81
2159,81
2160,84
2399,84
2400,83
2639,83
2640,81
2879,81
2880,79
3359,79
3360,64
3839,64
3840,76
4799,76
4800,75
5279,75
5279,
0,
,
,
0,1
0,
0,1
0," ""major"""
0,
0,62
959,62
960,67
2399,67
2400,66
2639,66
2640,67
2879,67
2880,69
3359,69
3360,67
3599,67
3600,66
3839,66
3840,67
4319,67
4320,62
4799,62
4800,64
5279,64
5280,59
5759,59
5760,60
6239,60
6240,57
6719,57
6720,62
7199,62
7200,57
7679,57
7680,59
8159,59
8159,
0,
,
,
0,1
0,
0,2
0," ""major"""
0,
0,62
119,62
120,62
239,62
240,66
359,66
360,66
479,66
480,69
599,69
600,69
719,69
720,74
839,74
840,74
959,74
960,73
1079,73
1080,74
1199,74
1200,73
1319,73
1320,71
1439,71
1440,69
1559,69
1560,67
1679,67
1680,66
1799,66
1800,64
1919,64
1920,62
2039,62
2040,62
2159,62
2160,66
2279,66
2280,66
2399,66
2400,69
2519,69
2520,69
2639,69
2640,74
2759,74
2760,74
2879,74
2880,76
3119,76
3120,69
3359,69
3359,
0,
,
,
0,1
0,
0,2
0," ""major"""
0,
240,66
479,66
480,71
719,71
720,73
899,73
900,74
959,74
960,70
1199,70
1200,71
1379,71
1380,73
1439,73
1440,74
1679,74
1680,76
1859,76
1860,78
1919,78
1920,73
2159,73
2160,66
2399,66
2400,78
3119,78
3120,76
3299,76
3300,74
3359,74
3360,73
3419,73
3420,74
3479,74
3480,71
3599,71
3600,73
3839,73
3839,
0,
,
,
0,1
0,
0,2
0," ""major"""
0,
360,69
479,69
480,74
839,74
840,69
959,69
960,71
1119,71
1120,69
1279,69
1280,67
1439,67
1440,66
1599,66
1600,67
1759,67
1760,69
1919,69
1920,62
2399,62
2399,
0,
,
,
0,1
0,
0,1
0," ""major"""
0,
0,70
119,70
120,69
239,69
240,70
599,70
600,65
719,65
720,62
839,62
840,58
959,58
960,65
1079,65
1080,63
1199,63
1200,65
1559,65
1560,62
1679,62
1680,58
1799,58
1800,53
1919,53
1920,58
2039,58
2040,57
2159,57
2160,58
2519,58
2520,53
2639,53
2640,62
2879,62
2880,58
2999,58
3000,65
3359,65
3360,62
3479,62
3480,70
3719,70
3719,
0,
,
,
0,1
0,
0,1
0," ""major"""
0,
960,70
1919,70
1920,72
2879,72
2880,62
2939,62
2940,63
2999,63
3000,62
3059,62
3060,63
3119,63
3120,62
3179,62
3180,63
3239,63
3240,62
3299,62
3300,63
3359,63
3360,62
3419,62
3420,63
3479,63
3480,62
3539,62
3540,63
3599,63
3600,62
3659,62
3660,63
3719,63
3720,62
3779,62
3780,63
3839,63
3840,62
3899,62
3900,63
3959,63
3960,62
4019,62
4020,63
4079,63
4080,62
4139,62
4140,63
4199,63
4200,62
4259,62
4260,63
4319,63
4320,62
4379,62
4380,63
4439,63
4440,62
4499,62
4500,63
4559,63
4560,62
4619,62
4620,63
4679,63
4680,62
4739,62
4740,63
4799,63
4800,63
5759,63
6240,63
6719,63
6720,65
7199,65
7200,68
7439,68
7440,67
7679,67
7680,68
8159,68
8160,68
8639,68
8640,69
9119,69
9120,67
9359,67
9360,65
9599,65
9600,67
9839,67
9840,69
10079,69
10080,67
10319,67
10320,69
10559,69
10560,69
10619,69
10620,70
10679,70
10680,69
10739,69
10740,70
10799,70
10800,69
10859,69
10860,70
10919,70
10920,69
10979,69
10980,70
11039,70
11040,69
11099,69
11100,70
11159,70
11160,69
11219,69
11220,70
11279,70
11279,
0,
,
,